0.000000000000000000e+00
0.000000000000000000e+00
0.000000000000000000e+00
0.000000000000000000e+00
0.000000000000000000e+00
0.000000000000000000e+00
0.000000000000000000e+00
0.000000000000000000e+00
0.000000000000000000e+00
0.000000000000000000e+00
0.000000000000000000e+00
0.000000000000000000e+00
0.000000000000000000e+00
0.000000000000000000e+00
0.000000000000000000e+00
0.000000000000000000e+00
0.000000000000000000e+00
0.000000000000000000e+00
0.000000000000000000e+00
0.000000000000000000e+00
0.000000000000000000e+00
0.000000000000000000e+00
0.000000000000000000e+00
0.000000000000000000e+00
0.000000000000000000e+00
0.000000000000000000e+00
0.000000000000000000e+00
0.000000000000000000e+00
0.000000000000000000e+00
0.000000000000000000e+00
0.000000000000000000e+00
0.000000000000000000e+00
0.000000000000000000e+00
0.000000000000000000e+00
0.000000000000000000e+00
0.000000000000000000e+00
0.000000000000000000e+00
0.000000000000000000e+00
0.000000000000000000e+00
0.000000000000000000e+00
0.000000000000000000e+00
0.000000000000000000e+00
0.000000000000000000e+00
0.000000000000000000e+00
0.000000000000000000e+00
0.000000000000000000e+00
0.000000000000000000e+00
0.000000000000000000e+00
0.000000000000000000e+00
0.000000000000000000e+00
8.163265306122449716e-03
8.163265306122449716e-03
8.163265306122449716e-03
8.163265306122449716e-03
8.163265306122449716e-03
8.163265306122449716e-03
8.163265306122449716e-03
8.163265306122449716e-03
8.163265306122449716e-03
8.163265306122449716e-03
8.163265306122449716e-03
8.163265306122449716e-03
8.163265306122449716e-03
8.163265306122449716e-03
8.163265306122449716e-03
8.163265306122449716e-03
8.163265306122449716e-03
8.163265306122449716e-03
8.163265306122449716e-03
8.163265306122449716e-03
8.163265306122449716e-03
8.163265306122449716e-03
8.163265306122449716e-03
8.163265306122449716e-03
8.163265306122449716e-03
8.163265306122449716e-03
8.163265306122449716e-03
8.163265306122449716e-03
8.163265306122449716e-03
8.163265306122449716e-03
8.163265306122449716e-03
8.163265306122449716e-03
8.163265306122449716e-03
8.163265306122449716e-03
8.163265306122449716e-03
8.163265306122449716e-03
8.163265306122449716e-03
8.163265306122449716e-03
8.163265306122449716e-03
8.163265306122449716e-03
8.163265306122449716e-03
8.163265306122449716e-03
8.163265306122449716e-03
8.163265306122449716e-03
8.163265306122449716e-03
8.163265306122449716e-03
8.163265306122449716e-03
8.163265306122449716e-03
8.163265306122449716e-03
8.163265306122449716e-03
1.632653061224489943e-02
1.632653061224489943e-02
1.632653061224489943e-02
1.632653061224489943e-02
1.632653061224489943e-02
1.632653061224489943e-02
1.632653061224489943e-02
1.632653061224489943e-02
1.632653061224489943e-02
1.632653061224489943e-02
1.632653061224489943e-02
1.632653061224489943e-02
1.632653061224489943e-02
1.632653061224489943e-02
1.632653061224489943e-02
1.632653061224489943e-02
1.632653061224489943e-02
1.632653061224489943e-02
1.632653061224489943e-02
1.632653061224489943e-02
1.632653061224489943e-02
1.632653061224489943e-02
1.632653061224489943e-02
1.632653061224489943e-02
1.632653061224489943e-02
1.632653061224489943e-02
1.632653061224489943e-02
1.632653061224489943e-02
1.632653061224489943e-02
1.632653061224489943e-02
1.632653061224489943e-02
1.632653061224489943e-02
1.632653061224489943e-02
1.632653061224489943e-02
1.632653061224489943e-02
1.632653061224489943e-02
1.632653061224489943e-02
1.632653061224489943e-02
1.632653061224489943e-02
1.632653061224489943e-02
1.632653061224489943e-02
1.632653061224489943e-02
1.632653061224489943e-02
1.632653061224489943e-02
1.632653061224489943e-02
1.632653061224489943e-02
1.632653061224489943e-02
1.632653061224489943e-02
1.632653061224489943e-02
1.632653061224489943e-02
2.448979591836734915e-02
2.448979591836734915e-02
2.448979591836734915e-02
2.448979591836734915e-02
2.448979591836734915e-02
2.448979591836734915e-02
2.448979591836734915e-02
2.448979591836734915e-02
2.448979591836734915e-02
2.448979591836734915e-02
2.448979591836734915e-02
2.448979591836734915e-02
2.448979591836734915e-02
2.448979591836734915e-02
2.448979591836734915e-02
2.448979591836734915e-02
2.448979591836734915e-02
2.448979591836734915e-02
2.448979591836734915e-02
2.448979591836734915e-02
2.448979591836734915e-02
2.448979591836734915e-02
2.448979591836734915e-02
2.448979591836734915e-02
2.448979591836734915e-02
2.448979591836734915e-02
2.448979591836734915e-02
2.448979591836734915e-02
2.448979591836734915e-02
2.448979591836734915e-02
2.448979591836734915e-02
2.448979591836734915e-02
2.448979591836734915e-02
2.448979591836734915e-02
2.448979591836734915e-02
2.448979591836734915e-02
2.448979591836734915e-02
2.448979591836734915e-02
2.448979591836734915e-02
2.448979591836734915e-02
2.448979591836734915e-02
2.448979591836734915e-02
2.448979591836734915e-02
2.448979591836734915e-02
2.448979591836734915e-02
2.448979591836734915e-02
2.448979591836734915e-02
2.448979591836734915e-02
2.448979591836734915e-02
2.448979591836734915e-02
3.265306122448979886e-02
3.265306122448979886e-02
3.265306122448979886e-02
3.265306122448979886e-02
3.265306122448979886e-02
3.265306122448979886e-02
3.265306122448979886e-02
3.265306122448979886e-02
3.265306122448979886e-02
3.265306122448979886e-02
3.265306122448979886e-02
3.265306122448979886e-02
3.265306122448979886e-02
3.265306122448979886e-02
3.265306122448979886e-02
3.265306122448979886e-02
3.265306122448979886e-02
3.265306122448979886e-02
3.265306122448979886e-02
3.265306122448979886e-02
3.265306122448979886e-02
3.265306122448979886e-02
3.265306122448979886e-02
3.265306122448979886e-02
3.265306122448979886e-02
3.265306122448979886e-02
3.265306122448979886e-02
3.265306122448979886e-02
3.265306122448979886e-02
3.265306122448979886e-02
3.265306122448979886e-02
3.265306122448979886e-02
3.265306122448979886e-02
3.265306122448979886e-02
3.265306122448979886e-02
3.265306122448979886e-02
3.265306122448979886e-02
3.265306122448979886e-02
3.265306122448979886e-02
3.265306122448979886e-02
3.265306122448979886e-02
3.265306122448979886e-02
3.265306122448979886e-02
3.265306122448979886e-02
3.265306122448979886e-02
3.265306122448979886e-02
3.265306122448979886e-02
3.265306122448979886e-02
3.265306122448979886e-02
3.265306122448979886e-02
4.081632653061224858e-02
4.081632653061224858e-02
4.081632653061224858e-02
4.081632653061224858e-02
4.081632653061224858e-02
4.081632653061224858e-02
4.081632653061224858e-02
4.081632653061224858e-02
4.081632653061224858e-02
4.081632653061224858e-02
4.081632653061224858e-02
4.081632653061224858e-02
4.081632653061224858e-02
4.081632653061224858e-02
4.081632653061224858e-02
4.081632653061224858e-02
4.081632653061224858e-02
4.081632653061224858e-02
4.081632653061224858e-02
4.081632653061224858e-02
4.081632653061224858e-02
4.081632653061224858e-02
4.081632653061224858e-02
4.081632653061224858e-02
4.081632653061224858e-02
4.081632653061224858e-02
4.081632653061224858e-02
4.081632653061224858e-02
4.081632653061224858e-02
4.081632653061224858e-02
4.081632653061224858e-02
4.081632653061224858e-02
4.081632653061224858e-02
4.081632653061224858e-02
4.081632653061224858e-02
4.081632653061224858e-02
4.081632653061224858e-02
4.081632653061224858e-02
4.081632653061224858e-02
4.081632653061224858e-02
4.081632653061224858e-02
4.081632653061224858e-02
4.081632653061224858e-02
4.081632653061224858e-02
4.081632653061224858e-02
4.081632653061224858e-02
4.081632653061224858e-02
4.081632653061224858e-02
4.081632653061224858e-02
4.081632653061224858e-02
4.897959183673469830e-02
4.897959183673469830e-02
4.897959183673469830e-02
4.897959183673469830e-02
4.897959183673469830e-02
4.897959183673469830e-02
4.897959183673469830e-02
4.897959183673469830e-02
4.897959183673469830e-02
4.897959183673469830e-02
4.897959183673469830e-02
4.897959183673469830e-02
4.897959183673469830e-02
4.897959183673469830e-02
4.897959183673469830e-02
4.897959183673469830e-02
4.897959183673469830e-02
4.897959183673469830e-02
4.897959183673469830e-02
4.897959183673469830e-02
4.897959183673469830e-02
4.897959183673469830e-02
4.897959183673469830e-02
4.897959183673469830e-02
4.897959183673469830e-02
4.897959183673469830e-02
4.897959183673469830e-02
4.897959183673469830e-02
4.897959183673469830e-02
4.897959183673469830e-02
4.897959183673469830e-02
4.897959183673469830e-02
4.897959183673469830e-02
4.897959183673469830e-02
4.897959183673469830e-02
4.897959183673469830e-02
4.897959183673469830e-02
4.897959183673469830e-02
4.897959183673469830e-02
4.897959183673469830e-02
4.897959183673469830e-02
4.897959183673469830e-02
4.897959183673469830e-02
4.897959183673469830e-02
4.897959183673469830e-02
4.897959183673469830e-02
4.897959183673469830e-02
4.897959183673469830e-02
4.897959183673469830e-02
4.897959183673469830e-02
5.714285714285714801e-02
5.714285714285714801e-02
5.714285714285714801e-02
5.714285714285714801e-02
5.714285714285714801e-02
5.714285714285714801e-02
5.714285714285714801e-02
5.714285714285714801e-02
5.714285714285714801e-02
5.714285714285714801e-02
5.714285714285714801e-02
5.714285714285714801e-02
5.714285714285714801e-02
5.714285714285714801e-02
5.714285714285714801e-02
5.714285714285714801e-02
5.714285714285714801e-02
5.714285714285714801e-02
5.714285714285714801e-02
5.714285714285714801e-02
5.714285714285714801e-02
5.714285714285714801e-02
5.714285714285714801e-02
5.714285714285714801e-02
5.714285714285714801e-02
5.714285714285714801e-02
5.714285714285714801e-02
5.714285714285714801e-02
5.714285714285714801e-02
5.714285714285714801e-02
5.714285714285714801e-02
5.714285714285714801e-02
5.714285714285714801e-02
5.714285714285714801e-02
5.714285714285714801e-02
5.714285714285714801e-02
5.714285714285714801e-02
5.714285714285714801e-02
5.714285714285714801e-02
5.714285714285714801e-02
5.714285714285714801e-02
5.714285714285714801e-02
5.714285714285714801e-02
5.714285714285714801e-02
5.714285714285714801e-02
5.714285714285714801e-02
5.714285714285714801e-02
5.714285714285714801e-02
5.714285714285714801e-02
5.714285714285714801e-02
6.530612244897959773e-02
6.530612244897959773e-02
6.530612244897959773e-02
6.530612244897959773e-02
6.530612244897959773e-02
6.530612244897959773e-02
6.530612244897959773e-02
6.530612244897959773e-02
6.530612244897959773e-02
6.530612244897959773e-02
6.530612244897959773e-02
6.530612244897959773e-02
6.530612244897959773e-02
6.530612244897959773e-02
6.530612244897959773e-02
6.530612244897959773e-02
6.530612244897959773e-02
6.530612244897959773e-02
6.530612244897959773e-02
6.530612244897959773e-02
6.530612244897959773e-02
6.530612244897959773e-02
6.530612244897959773e-02
6.530612244897959773e-02
6.530612244897959773e-02
6.530612244897959773e-02
6.530612244897959773e-02
6.530612244897959773e-02
6.530612244897959773e-02
6.530612244897959773e-02
6.530612244897959773e-02
6.530612244897959773e-02
6.530612244897959773e-02
6.530612244897959773e-02
6.530612244897959773e-02
6.530612244897959773e-02
6.530612244897959773e-02
6.530612244897959773e-02
6.530612244897959773e-02
6.530612244897959773e-02
6.530612244897959773e-02
6.530612244897959773e-02
6.530612244897959773e-02
6.530612244897959773e-02
6.530612244897959773e-02
6.530612244897959773e-02
6.530612244897959773e-02
6.530612244897959773e-02
6.530612244897959773e-02
6.530612244897959773e-02
7.346938775510204744e-02
7.346938775510204744e-02
7.346938775510204744e-02
7.346938775510204744e-02
7.346938775510204744e-02
7.346938775510204744e-02
7.346938775510204744e-02
7.346938775510204744e-02
7.346938775510204744e-02
7.346938775510204744e-02
7.346938775510204744e-02
7.346938775510204744e-02
7.346938775510204744e-02
7.346938775510204744e-02
7.346938775510204744e-02
7.346938775510204744e-02
7.346938775510204744e-02
7.346938775510204744e-02
7.346938775510204744e-02
7.346938775510204744e-02
7.346938775510204744e-02
7.346938775510204744e-02
7.346938775510204744e-02
7.346938775510204744e-02
7.346938775510204744e-02
7.346938775510204744e-02
7.346938775510204744e-02
7.346938775510204744e-02
7.346938775510204744e-02
7.346938775510204744e-02
7.346938775510204744e-02
7.346938775510204744e-02
7.346938775510204744e-02
7.346938775510204744e-02
7.346938775510204744e-02
7.346938775510204744e-02
7.346938775510204744e-02
7.346938775510204744e-02
7.346938775510204744e-02
7.346938775510204744e-02
7.346938775510204744e-02
7.346938775510204744e-02
7.346938775510204744e-02
7.346938775510204744e-02
7.346938775510204744e-02
7.346938775510204744e-02
7.346938775510204744e-02
7.346938775510204744e-02
7.346938775510204744e-02
7.346938775510204744e-02
8.163265306122449716e-02
8.163265306122449716e-02
8.163265306122449716e-02
8.163265306122449716e-02
8.163265306122449716e-02
8.163265306122449716e-02
8.163265306122449716e-02
8.163265306122449716e-02
8.163265306122449716e-02
8.163265306122449716e-02
8.163265306122449716e-02
8.163265306122449716e-02
8.163265306122449716e-02
8.163265306122449716e-02
8.163265306122449716e-02
8.163265306122449716e-02
8.163265306122449716e-02
8.163265306122449716e-02
8.163265306122449716e-02
8.163265306122449716e-02
8.163265306122449716e-02
8.163265306122449716e-02
8.163265306122449716e-02
8.163265306122449716e-02
8.163265306122449716e-02
8.163265306122449716e-02
8.163265306122449716e-02
8.163265306122449716e-02
8.163265306122449716e-02
8.163265306122449716e-02
8.163265306122449716e-02
8.163265306122449716e-02
8.163265306122449716e-02
8.163265306122449716e-02
8.163265306122449716e-02
8.163265306122449716e-02
8.163265306122449716e-02
8.163265306122449716e-02
8.163265306122449716e-02
8.163265306122449716e-02
8.163265306122449716e-02
8.163265306122449716e-02
8.163265306122449716e-02
8.163265306122449716e-02
8.163265306122449716e-02
8.163265306122449716e-02
8.163265306122449716e-02
8.163265306122449716e-02
8.163265306122449716e-02
8.163265306122449716e-02
8.979591836734694688e-02
8.979591836734694688e-02
8.979591836734694688e-02
8.979591836734694688e-02
8.979591836734694688e-02
8.979591836734694688e-02
8.979591836734694688e-02
8.979591836734694688e-02
8.979591836734694688e-02
8.979591836734694688e-02
8.979591836734694688e-02
8.979591836734694688e-02
8.979591836734694688e-02
8.979591836734694688e-02
8.979591836734694688e-02
8.979591836734694688e-02
8.979591836734694688e-02
8.979591836734694688e-02
8.979591836734694688e-02
8.979591836734694688e-02
8.979591836734694688e-02
8.979591836734694688e-02
8.979591836734694688e-02
8.979591836734694688e-02
8.979591836734694688e-02
8.979591836734694688e-02
8.979591836734694688e-02
8.979591836734694688e-02
8.979591836734694688e-02
8.979591836734694688e-02
8.979591836734694688e-02
8.979591836734694688e-02
8.979591836734694688e-02
8.979591836734694688e-02
8.979591836734694688e-02
8.979591836734694688e-02
8.979591836734694688e-02
8.979591836734694688e-02
8.979591836734694688e-02
8.979591836734694688e-02
8.979591836734694688e-02
8.979591836734694688e-02
8.979591836734694688e-02
8.979591836734694688e-02
8.979591836734694688e-02
8.979591836734694688e-02
8.979591836734694688e-02
8.979591836734694688e-02
8.979591836734694688e-02
8.979591836734694688e-02
9.795918367346939659e-02
9.795918367346939659e-02
9.795918367346939659e-02
9.795918367346939659e-02
9.795918367346939659e-02
9.795918367346939659e-02
9.795918367346939659e-02
9.795918367346939659e-02
9.795918367346939659e-02
9.795918367346939659e-02
9.795918367346939659e-02
9.795918367346939659e-02
9.795918367346939659e-02
9.795918367346939659e-02
9.795918367346939659e-02
9.795918367346939659e-02
9.795918367346939659e-02
9.795918367346939659e-02
9.795918367346939659e-02
9.795918367346939659e-02
9.795918367346939659e-02
9.795918367346939659e-02
9.795918367346939659e-02
9.795918367346939659e-02
9.795918367346939659e-02
9.795918367346939659e-02
9.795918367346939659e-02
9.795918367346939659e-02
9.795918367346939659e-02
9.795918367346939659e-02
9.795918367346939659e-02
9.795918367346939659e-02
9.795918367346939659e-02
9.795918367346939659e-02
9.795918367346939659e-02
9.795918367346939659e-02
9.795918367346939659e-02
9.795918367346939659e-02
9.795918367346939659e-02
9.795918367346939659e-02
9.795918367346939659e-02
9.795918367346939659e-02
9.795918367346939659e-02
9.795918367346939659e-02
9.795918367346939659e-02
9.795918367346939659e-02
9.795918367346939659e-02
9.795918367346939659e-02
9.795918367346939659e-02
9.795918367346939659e-02
1.061224489795918463e-01
1.061224489795918463e-01
1.061224489795918463e-01
1.061224489795918463e-01
1.061224489795918463e-01
1.061224489795918463e-01
1.061224489795918463e-01
1.061224489795918463e-01
1.061224489795918463e-01
1.061224489795918463e-01
1.061224489795918463e-01
1.061224489795918463e-01
1.061224489795918463e-01
1.061224489795918463e-01
1.061224489795918463e-01
1.061224489795918463e-01
1.061224489795918463e-01
1.061224489795918463e-01
1.061224489795918463e-01
1.061224489795918463e-01
1.061224489795918463e-01
1.061224489795918463e-01
1.061224489795918463e-01
1.061224489795918463e-01
1.061224489795918463e-01
1.061224489795918463e-01
1.061224489795918463e-01
1.061224489795918463e-01
1.061224489795918463e-01
1.061224489795918463e-01
1.061224489795918463e-01
1.061224489795918463e-01
1.061224489795918463e-01
1.061224489795918463e-01
1.061224489795918463e-01
1.061224489795918463e-01
1.061224489795918463e-01
1.061224489795918463e-01
1.061224489795918463e-01
1.061224489795918463e-01
1.061224489795918463e-01
1.061224489795918463e-01
1.061224489795918463e-01
1.061224489795918463e-01
1.061224489795918463e-01
1.061224489795918463e-01
1.061224489795918463e-01
1.061224489795918463e-01
1.061224489795918463e-01
1.061224489795918463e-01
1.142857142857142960e-01
1.142857142857142960e-01
1.142857142857142960e-01
1.142857142857142960e-01
1.142857142857142960e-01
1.142857142857142960e-01
1.142857142857142960e-01
1.142857142857142960e-01
1.142857142857142960e-01
1.142857142857142960e-01
1.142857142857142960e-01
1.142857142857142960e-01
1.142857142857142960e-01
1.142857142857142960e-01
1.142857142857142960e-01
1.142857142857142960e-01
1.142857142857142960e-01
1.142857142857142960e-01
1.142857142857142960e-01
1.142857142857142960e-01
1.142857142857142960e-01
1.142857142857142960e-01
1.142857142857142960e-01
1.142857142857142960e-01
1.142857142857142960e-01
1.142857142857142960e-01
1.142857142857142960e-01
1.142857142857142960e-01
1.142857142857142960e-01
1.142857142857142960e-01
1.142857142857142960e-01
1.142857142857142960e-01
1.142857142857142960e-01
1.142857142857142960e-01
1.142857142857142960e-01
1.142857142857142960e-01
1.142857142857142960e-01
1.142857142857142960e-01
1.142857142857142960e-01
1.142857142857142960e-01
1.142857142857142960e-01
1.142857142857142960e-01
1.142857142857142960e-01
1.142857142857142960e-01
1.142857142857142960e-01
1.142857142857142960e-01
1.142857142857142960e-01
1.142857142857142960e-01
1.142857142857142960e-01
1.142857142857142960e-01
1.224489795918367457e-01
1.224489795918367457e-01
1.224489795918367457e-01
1.224489795918367457e-01
1.224489795918367457e-01
1.224489795918367457e-01
1.224489795918367457e-01
1.224489795918367457e-01
1.224489795918367457e-01
1.224489795918367457e-01
1.224489795918367457e-01
1.224489795918367457e-01
1.224489795918367457e-01
1.224489795918367457e-01
1.224489795918367457e-01
1.224489795918367457e-01
1.224489795918367457e-01
1.224489795918367457e-01
1.224489795918367457e-01
1.224489795918367457e-01
1.224489795918367457e-01
1.224489795918367457e-01
1.224489795918367457e-01
1.224489795918367457e-01
1.224489795918367457e-01
1.224489795918367457e-01
1.224489795918367457e-01
1.224489795918367457e-01
1.224489795918367457e-01
1.224489795918367457e-01
1.224489795918367457e-01
1.224489795918367457e-01
1.224489795918367457e-01
1.224489795918367457e-01
1.224489795918367457e-01
1.224489795918367457e-01
1.224489795918367457e-01
1.224489795918367457e-01
1.224489795918367457e-01
1.224489795918367457e-01
1.224489795918367457e-01
1.224489795918367457e-01
1.224489795918367457e-01
1.224489795918367457e-01
1.224489795918367457e-01
1.224489795918367457e-01
1.224489795918367457e-01
1.224489795918367457e-01
1.224489795918367457e-01
1.224489795918367457e-01
1.306122448979591955e-01
1.306122448979591955e-01
1.306122448979591955e-01
1.306122448979591955e-01
1.306122448979591955e-01
1.306122448979591955e-01
1.306122448979591955e-01
1.306122448979591955e-01
1.306122448979591955e-01
1.306122448979591955e-01
1.306122448979591955e-01
1.306122448979591955e-01
1.306122448979591955e-01
1.306122448979591955e-01
1.306122448979591955e-01
1.306122448979591955e-01
1.306122448979591955e-01
1.306122448979591955e-01
1.306122448979591955e-01
1.306122448979591955e-01
1.306122448979591955e-01
1.306122448979591955e-01
1.306122448979591955e-01
1.306122448979591955e-01
1.306122448979591955e-01
1.306122448979591955e-01
1.306122448979591955e-01
1.306122448979591955e-01
1.306122448979591955e-01
1.306122448979591955e-01
1.306122448979591955e-01
1.306122448979591955e-01
1.306122448979591955e-01
1.306122448979591955e-01
1.306122448979591955e-01
1.306122448979591955e-01
1.306122448979591955e-01
1.306122448979591955e-01
1.306122448979591955e-01
1.306122448979591955e-01
1.306122448979591955e-01
1.306122448979591955e-01
1.306122448979591955e-01
1.306122448979591955e-01
1.306122448979591955e-01
1.306122448979591955e-01
1.306122448979591955e-01
1.306122448979591955e-01
1.306122448979591955e-01
1.306122448979591955e-01
1.387755102040816313e-01
1.387755102040816313e-01
1.387755102040816313e-01
1.387755102040816313e-01
1.387755102040816313e-01
1.387755102040816313e-01
1.387755102040816313e-01
1.387755102040816313e-01
1.387755102040816313e-01
1.387755102040816313e-01
1.387755102040816313e-01
1.387755102040816313e-01
1.387755102040816313e-01
1.387755102040816313e-01
1.387755102040816313e-01
1.387755102040816313e-01
1.387755102040816313e-01
1.387755102040816313e-01
1.387755102040816313e-01
1.387755102040816313e-01
1.387755102040816313e-01
1.387755102040816313e-01
1.387755102040816313e-01
1.387755102040816313e-01
1.387755102040816313e-01
1.387755102040816313e-01
1.387755102040816313e-01
1.387755102040816313e-01
1.387755102040816313e-01
1.387755102040816313e-01
1.387755102040816313e-01
1.387755102040816313e-01
1.387755102040816313e-01
1.387755102040816313e-01
1.387755102040816313e-01
1.387755102040816313e-01
1.387755102040816313e-01
1.387755102040816313e-01
1.387755102040816313e-01
1.387755102040816313e-01
1.387755102040816313e-01
1.387755102040816313e-01
1.387755102040816313e-01
1.387755102040816313e-01
1.387755102040816313e-01
1.387755102040816313e-01
1.387755102040816313e-01
1.387755102040816313e-01
1.387755102040816313e-01
1.387755102040816313e-01
1.469387755102040949e-01
1.469387755102040949e-01
1.469387755102040949e-01
1.469387755102040949e-01
1.469387755102040949e-01
1.469387755102040949e-01
1.469387755102040949e-01
1.469387755102040949e-01
1.469387755102040949e-01
1.469387755102040949e-01
1.469387755102040949e-01
1.469387755102040949e-01
1.469387755102040949e-01
1.469387755102040949e-01
1.469387755102040949e-01
1.469387755102040949e-01
1.469387755102040949e-01
1.469387755102040949e-01
1.469387755102040949e-01
1.469387755102040949e-01
1.469387755102040949e-01
1.469387755102040949e-01
1.469387755102040949e-01
1.469387755102040949e-01
1.469387755102040949e-01
1.469387755102040949e-01
1.469387755102040949e-01
1.469387755102040949e-01
1.469387755102040949e-01
1.469387755102040949e-01
1.469387755102040949e-01
1.469387755102040949e-01
1.469387755102040949e-01
1.469387755102040949e-01
1.469387755102040949e-01
1.469387755102040949e-01
1.469387755102040949e-01
1.469387755102040949e-01
1.469387755102040949e-01
1.469387755102040949e-01
1.469387755102040949e-01
1.469387755102040949e-01
1.469387755102040949e-01
1.469387755102040949e-01
1.469387755102040949e-01
1.469387755102040949e-01
1.469387755102040949e-01
1.469387755102040949e-01
1.469387755102040949e-01
1.469387755102040949e-01
1.551020408163265585e-01
1.551020408163265585e-01
1.551020408163265585e-01
1.551020408163265585e-01
1.551020408163265585e-01
1.551020408163265585e-01
1.551020408163265585e-01
1.551020408163265585e-01
1.551020408163265585e-01
1.551020408163265585e-01
1.551020408163265585e-01
1.551020408163265585e-01
1.551020408163265585e-01
1.551020408163265585e-01
1.551020408163265585e-01
1.551020408163265585e-01
1.551020408163265585e-01
1.551020408163265585e-01
1.551020408163265585e-01
1.551020408163265585e-01
1.551020408163265585e-01
1.551020408163265585e-01
1.551020408163265585e-01
1.551020408163265585e-01
1.551020408163265585e-01
1.551020408163265585e-01
1.551020408163265585e-01
1.551020408163265585e-01
1.551020408163265585e-01
1.551020408163265585e-01
1.551020408163265585e-01
1.551020408163265585e-01
1.551020408163265585e-01
1.551020408163265585e-01
1.551020408163265585e-01
1.551020408163265585e-01
1.551020408163265585e-01
1.551020408163265585e-01
1.551020408163265585e-01
1.551020408163265585e-01
1.551020408163265585e-01
1.551020408163265585e-01
1.551020408163265585e-01
1.551020408163265585e-01
1.551020408163265585e-01
1.551020408163265585e-01
1.551020408163265585e-01
1.551020408163265585e-01
1.551020408163265585e-01
1.551020408163265585e-01
1.632653061224489943e-01
1.632653061224489943e-01
1.632653061224489943e-01
1.632653061224489943e-01
1.632653061224489943e-01
1.632653061224489943e-01
1.632653061224489943e-01
1.632653061224489943e-01
1.632653061224489943e-01
1.632653061224489943e-01
1.632653061224489943e-01
1.632653061224489943e-01
1.632653061224489943e-01
1.632653061224489943e-01
1.632653061224489943e-01
1.632653061224489943e-01
1.632653061224489943e-01
1.632653061224489943e-01
1.632653061224489943e-01
1.632653061224489943e-01
1.632653061224489943e-01
1.632653061224489943e-01
1.632653061224489943e-01
1.632653061224489943e-01
1.632653061224489943e-01
1.632653061224489943e-01
1.632653061224489943e-01
1.632653061224489943e-01
1.632653061224489943e-01
1.632653061224489943e-01
1.632653061224489943e-01
1.632653061224489943e-01
1.632653061224489943e-01
1.632653061224489943e-01
1.632653061224489943e-01
1.632653061224489943e-01
1.632653061224489943e-01
1.632653061224489943e-01
1.632653061224489943e-01
1.632653061224489943e-01
1.632653061224489943e-01
1.632653061224489943e-01
1.632653061224489943e-01
1.632653061224489943e-01
1.632653061224489943e-01
1.632653061224489943e-01
1.632653061224489943e-01
1.632653061224489943e-01
1.632653061224489943e-01
1.632653061224489943e-01
1.714285714285714302e-01
1.714285714285714302e-01
1.714285714285714302e-01
1.714285714285714302e-01
1.714285714285714302e-01
1.714285714285714302e-01
1.714285714285714302e-01
1.714285714285714302e-01
1.714285714285714302e-01
1.714285714285714302e-01
1.714285714285714302e-01
1.714285714285714302e-01
1.714285714285714302e-01
1.714285714285714302e-01
1.714285714285714302e-01
1.714285714285714302e-01
1.714285714285714302e-01
1.714285714285714302e-01
1.714285714285714302e-01
1.714285714285714302e-01
1.714285714285714302e-01
1.714285714285714302e-01
1.714285714285714302e-01
1.714285714285714302e-01
1.714285714285714302e-01
1.714285714285714302e-01
1.714285714285714302e-01
1.714285714285714302e-01
1.714285714285714302e-01
1.714285714285714302e-01
1.714285714285714302e-01
1.714285714285714302e-01
1.714285714285714302e-01
1.714285714285714302e-01
1.714285714285714302e-01
1.714285714285714302e-01
1.714285714285714302e-01
1.714285714285714302e-01
1.714285714285714302e-01
1.714285714285714302e-01
1.714285714285714302e-01
1.714285714285714302e-01
1.714285714285714302e-01
1.714285714285714302e-01
1.714285714285714302e-01
1.714285714285714302e-01
1.714285714285714302e-01
1.714285714285714302e-01
1.714285714285714302e-01
1.714285714285714302e-01
1.795918367346938938e-01
1.795918367346938938e-01
1.795918367346938938e-01
1.795918367346938938e-01
1.795918367346938938e-01
1.795918367346938938e-01
1.795918367346938938e-01
1.795918367346938938e-01
1.795918367346938938e-01
1.795918367346938938e-01
1.795918367346938938e-01
1.795918367346938938e-01
1.795918367346938938e-01
1.795918367346938938e-01
1.795918367346938938e-01
1.795918367346938938e-01
1.795918367346938938e-01
1.795918367346938938e-01
1.795918367346938938e-01
1.795918367346938938e-01
1.795918367346938938e-01
1.795918367346938938e-01
1.795918367346938938e-01
1.795918367346938938e-01
1.795918367346938938e-01
1.795918367346938938e-01
1.795918367346938938e-01
1.795918367346938938e-01
1.795918367346938938e-01
1.795918367346938938e-01
1.795918367346938938e-01
1.795918367346938938e-01
1.795918367346938938e-01
1.795918367346938938e-01
1.795918367346938938e-01
1.795918367346938938e-01
1.795918367346938938e-01
1.795918367346938938e-01
1.795918367346938938e-01
1.795918367346938938e-01
1.795918367346938938e-01
1.795918367346938938e-01
1.795918367346938938e-01
1.795918367346938938e-01
1.795918367346938938e-01
1.795918367346938938e-01
1.795918367346938938e-01
1.795918367346938938e-01
1.795918367346938938e-01
1.795918367346938938e-01
1.877551020408163573e-01
1.877551020408163573e-01
1.877551020408163573e-01
1.877551020408163573e-01
1.877551020408163573e-01
1.877551020408163573e-01
1.877551020408163573e-01
1.877551020408163573e-01
1.877551020408163573e-01
1.877551020408163573e-01
1.877551020408163573e-01
1.877551020408163573e-01
1.877551020408163573e-01
1.877551020408163573e-01
1.877551020408163573e-01
1.877551020408163573e-01
1.877551020408163573e-01
1.877551020408163573e-01
1.877551020408163573e-01
1.877551020408163573e-01
1.877551020408163573e-01
1.877551020408163573e-01
1.877551020408163573e-01
1.877551020408163573e-01
1.877551020408163573e-01
1.877551020408163573e-01
1.877551020408163573e-01
1.877551020408163573e-01
1.877551020408163573e-01
1.877551020408163573e-01
1.877551020408163573e-01
1.877551020408163573e-01
1.877551020408163573e-01
1.877551020408163573e-01
1.877551020408163573e-01
1.877551020408163573e-01
1.877551020408163573e-01
1.877551020408163573e-01
1.877551020408163573e-01
1.877551020408163573e-01
1.877551020408163573e-01
1.877551020408163573e-01
1.877551020408163573e-01
1.877551020408163573e-01
1.877551020408163573e-01
1.877551020408163573e-01
1.877551020408163573e-01
1.877551020408163573e-01
1.877551020408163573e-01
1.877551020408163573e-01
1.959183673469387932e-01
1.959183673469387932e-01
1.959183673469387932e-01
1.959183673469387932e-01
1.959183673469387932e-01
1.959183673469387932e-01
1.959183673469387932e-01
1.959183673469387932e-01
1.959183673469387932e-01
1.959183673469387932e-01
1.959183673469387932e-01
1.959183673469387932e-01
1.959183673469387932e-01
1.959183673469387932e-01
1.959183673469387932e-01
1.959183673469387932e-01
1.959183673469387932e-01
1.959183673469387932e-01
1.959183673469387932e-01
1.959183673469387932e-01
1.959183673469387932e-01
1.959183673469387932e-01
1.959183673469387932e-01
1.959183673469387932e-01
1.959183673469387932e-01
1.959183673469387932e-01
1.959183673469387932e-01
1.959183673469387932e-01
1.959183673469387932e-01
1.959183673469387932e-01
1.959183673469387932e-01
1.959183673469387932e-01
1.959183673469387932e-01
1.959183673469387932e-01
1.959183673469387932e-01
1.959183673469387932e-01
1.959183673469387932e-01
1.959183673469387932e-01
1.959183673469387932e-01
1.959183673469387932e-01
1.959183673469387932e-01
1.959183673469387932e-01
1.959183673469387932e-01
1.959183673469387932e-01
1.959183673469387932e-01
1.959183673469387932e-01
1.959183673469387932e-01
1.959183673469387932e-01
1.959183673469387932e-01
1.959183673469387932e-01
2.040816326530612290e-01
2.040816326530612290e-01
2.040816326530612290e-01
2.040816326530612290e-01
2.040816326530612290e-01
2.040816326530612290e-01
2.040816326530612290e-01
2.040816326530612290e-01
2.040816326530612290e-01
2.040816326530612290e-01
2.040816326530612290e-01
2.040816326530612290e-01
2.040816326530612290e-01
2.040816326530612290e-01
2.040816326530612290e-01
2.040816326530612290e-01
2.040816326530612290e-01
2.040816326530612290e-01
2.040816326530612290e-01
2.040816326530612290e-01
2.040816326530612290e-01
2.040816326530612290e-01
2.040816326530612290e-01
2.040816326530612290e-01
2.040816326530612290e-01
2.040816326530612290e-01
2.040816326530612290e-01
2.040816326530612290e-01
2.040816326530612290e-01
2.040816326530612290e-01
2.040816326530612290e-01
2.040816326530612290e-01
2.040816326530612290e-01
2.040816326530612290e-01
2.040816326530612290e-01
2.040816326530612290e-01
2.040816326530612290e-01
2.040816326530612290e-01
2.040816326530612290e-01
2.040816326530612290e-01
2.040816326530612290e-01
2.040816326530612290e-01
2.040816326530612290e-01
2.040816326530612290e-01
2.040816326530612290e-01
2.040816326530612290e-01
2.040816326530612290e-01
2.040816326530612290e-01
2.040816326530612290e-01
2.040816326530612290e-01
2.122448979591836926e-01
2.122448979591836926e-01
2.122448979591836926e-01
2.122448979591836926e-01
2.122448979591836926e-01
2.122448979591836926e-01
2.122448979591836926e-01
2.122448979591836926e-01
2.122448979591836926e-01
2.122448979591836926e-01
2.122448979591836926e-01
2.122448979591836926e-01
2.122448979591836926e-01
2.122448979591836926e-01
2.122448979591836926e-01
2.122448979591836926e-01
2.122448979591836926e-01
2.122448979591836926e-01
2.122448979591836926e-01
2.122448979591836926e-01
2.122448979591836926e-01
2.122448979591836926e-01
2.122448979591836926e-01
2.122448979591836926e-01
2.122448979591836926e-01
2.122448979591836926e-01
2.122448979591836926e-01
2.122448979591836926e-01
2.122448979591836926e-01
2.122448979591836926e-01
2.122448979591836926e-01
2.122448979591836926e-01
2.122448979591836926e-01
2.122448979591836926e-01
2.122448979591836926e-01
2.122448979591836926e-01
2.122448979591836926e-01
2.122448979591836926e-01
2.122448979591836926e-01
2.122448979591836926e-01
2.122448979591836926e-01
2.122448979591836926e-01
2.122448979591836926e-01
2.122448979591836926e-01
2.122448979591836926e-01
2.122448979591836926e-01
2.122448979591836926e-01
2.122448979591836926e-01
2.122448979591836926e-01
2.122448979591836926e-01
2.204081632653061562e-01
2.204081632653061562e-01
2.204081632653061562e-01
2.204081632653061562e-01
2.204081632653061562e-01
2.204081632653061562e-01
2.204081632653061562e-01
2.204081632653061562e-01
2.204081632653061562e-01
2.204081632653061562e-01
2.204081632653061562e-01
2.204081632653061562e-01
2.204081632653061562e-01
2.204081632653061562e-01
2.204081632653061562e-01
2.204081632653061562e-01
2.204081632653061562e-01
2.204081632653061562e-01
2.204081632653061562e-01
2.204081632653061562e-01
2.204081632653061562e-01
2.204081632653061562e-01
2.204081632653061562e-01
2.204081632653061562e-01
2.204081632653061562e-01
2.204081632653061562e-01
2.204081632653061562e-01
2.204081632653061562e-01
2.204081632653061562e-01
2.204081632653061562e-01
2.204081632653061562e-01
2.204081632653061562e-01
2.204081632653061562e-01
2.204081632653061562e-01
2.204081632653061562e-01
2.204081632653061562e-01
2.204081632653061562e-01
2.204081632653061562e-01
2.204081632653061562e-01
2.204081632653061562e-01
2.204081632653061562e-01
2.204081632653061562e-01
2.204081632653061562e-01
2.204081632653061562e-01
2.204081632653061562e-01
2.204081632653061562e-01
2.204081632653061562e-01
2.204081632653061562e-01
2.204081632653061562e-01
2.204081632653061562e-01
2.285714285714285920e-01
2.285714285714285920e-01
2.285714285714285920e-01
2.285714285714285920e-01
2.285714285714285920e-01
2.285714285714285920e-01
2.285714285714285920e-01
2.285714285714285920e-01
2.285714285714285920e-01
2.285714285714285920e-01
2.285714285714285920e-01
2.285714285714285920e-01
2.285714285714285920e-01
2.285714285714285920e-01
2.285714285714285920e-01
2.285714285714285920e-01
2.285714285714285920e-01
2.285714285714285920e-01
2.285714285714285920e-01
2.285714285714285920e-01
2.285714285714285920e-01
2.285714285714285920e-01
2.285714285714285920e-01
2.285714285714285920e-01
2.285714285714285920e-01
2.285714285714285920e-01
2.285714285714285920e-01
2.285714285714285920e-01
2.285714285714285920e-01
2.285714285714285920e-01
2.285714285714285920e-01
2.285714285714285920e-01
2.285714285714285920e-01
2.285714285714285920e-01
2.285714285714285920e-01
2.285714285714285920e-01
2.285714285714285920e-01
2.285714285714285920e-01
2.285714285714285920e-01
2.285714285714285920e-01
2.285714285714285920e-01
2.285714285714285920e-01
2.285714285714285920e-01
2.285714285714285920e-01
2.285714285714285920e-01
2.285714285714285920e-01
2.285714285714285920e-01
2.285714285714285920e-01
2.285714285714285920e-01
2.285714285714285920e-01
2.367346938775510279e-01
2.367346938775510279e-01
2.367346938775510279e-01
2.367346938775510279e-01
2.367346938775510279e-01
2.367346938775510279e-01
2.367346938775510279e-01
2.367346938775510279e-01
2.367346938775510279e-01
2.367346938775510279e-01
2.367346938775510279e-01
2.367346938775510279e-01
2.367346938775510279e-01
2.367346938775510279e-01
2.367346938775510279e-01
2.367346938775510279e-01
2.367346938775510279e-01
2.367346938775510279e-01
2.367346938775510279e-01
2.367346938775510279e-01
2.367346938775510279e-01
2.367346938775510279e-01
2.367346938775510279e-01
2.367346938775510279e-01
2.367346938775510279e-01
2.367346938775510279e-01
2.367346938775510279e-01
2.367346938775510279e-01
2.367346938775510279e-01
2.367346938775510279e-01
2.367346938775510279e-01
2.367346938775510279e-01
2.367346938775510279e-01
2.367346938775510279e-01
2.367346938775510279e-01
2.367346938775510279e-01
2.367346938775510279e-01
2.367346938775510279e-01
2.367346938775510279e-01
2.367346938775510279e-01
2.367346938775510279e-01
2.367346938775510279e-01
2.367346938775510279e-01
2.367346938775510279e-01
2.367346938775510279e-01
2.367346938775510279e-01
2.367346938775510279e-01
2.367346938775510279e-01
2.367346938775510279e-01
2.367346938775510279e-01
2.448979591836734915e-01
2.448979591836734915e-01
2.448979591836734915e-01
2.448979591836734915e-01
2.448979591836734915e-01
2.448979591836734915e-01
2.448979591836734915e-01
2.448979591836734915e-01
2.448979591836734915e-01
2.448979591836734915e-01
2.448979591836734915e-01
2.448979591836734915e-01
2.448979591836734915e-01
2.448979591836734915e-01
2.448979591836734915e-01
2.448979591836734915e-01
2.448979591836734915e-01
2.448979591836734915e-01
2.448979591836734915e-01
2.448979591836734915e-01
2.448979591836734915e-01
2.448979591836734915e-01
2.448979591836734915e-01
2.448979591836734915e-01
2.448979591836734915e-01
2.448979591836734915e-01
2.448979591836734915e-01
2.448979591836734915e-01
2.448979591836734915e-01
2.448979591836734915e-01
2.448979591836734915e-01
2.448979591836734915e-01
2.448979591836734915e-01
2.448979591836734915e-01
2.448979591836734915e-01
2.448979591836734915e-01
2.448979591836734915e-01
2.448979591836734915e-01
2.448979591836734915e-01
2.448979591836734915e-01
2.448979591836734915e-01
2.448979591836734915e-01
2.448979591836734915e-01
2.448979591836734915e-01
2.448979591836734915e-01
2.448979591836734915e-01
2.448979591836734915e-01
2.448979591836734915e-01
2.448979591836734915e-01
2.448979591836734915e-01
2.530612244897959551e-01
2.530612244897959551e-01
2.530612244897959551e-01
2.530612244897959551e-01
2.530612244897959551e-01
2.530612244897959551e-01
2.530612244897959551e-01
2.530612244897959551e-01
2.530612244897959551e-01
2.530612244897959551e-01
2.530612244897959551e-01
2.530612244897959551e-01
2.530612244897959551e-01
2.530612244897959551e-01
2.530612244897959551e-01
2.530612244897959551e-01
2.530612244897959551e-01
2.530612244897959551e-01
2.530612244897959551e-01
2.530612244897959551e-01
2.530612244897959551e-01
2.530612244897959551e-01
2.530612244897959551e-01
2.530612244897959551e-01
2.530612244897959551e-01
2.530612244897959551e-01
2.530612244897959551e-01
2.530612244897959551e-01
2.530612244897959551e-01
2.530612244897959551e-01
2.530612244897959551e-01
2.530612244897959551e-01
2.530612244897959551e-01
2.530612244897959551e-01
2.530612244897959551e-01
2.530612244897959551e-01
2.530612244897959551e-01
2.530612244897959551e-01
2.530612244897959551e-01
2.530612244897959551e-01
2.530612244897959551e-01
2.530612244897959551e-01
2.530612244897959551e-01
2.530612244897959551e-01
2.530612244897959551e-01
2.530612244897959551e-01
2.530612244897959551e-01
2.530612244897959551e-01
2.530612244897959551e-01
2.530612244897959551e-01
2.612244897959183909e-01
2.612244897959183909e-01
2.612244897959183909e-01
2.612244897959183909e-01
2.612244897959183909e-01
2.612244897959183909e-01
2.612244897959183909e-01
2.612244897959183909e-01
2.612244897959183909e-01
2.612244897959183909e-01
2.612244897959183909e-01
2.612244897959183909e-01
2.612244897959183909e-01
2.612244897959183909e-01
2.612244897959183909e-01
2.612244897959183909e-01
2.612244897959183909e-01
2.612244897959183909e-01
2.612244897959183909e-01
2.612244897959183909e-01
2.612244897959183909e-01
2.612244897959183909e-01
2.612244897959183909e-01
2.612244897959183909e-01
2.612244897959183909e-01
2.612244897959183909e-01
2.612244897959183909e-01
2.612244897959183909e-01
2.612244897959183909e-01
2.612244897959183909e-01
2.612244897959183909e-01
2.612244897959183909e-01
2.612244897959183909e-01
2.612244897959183909e-01
2.612244897959183909e-01
2.612244897959183909e-01
2.612244897959183909e-01
2.612244897959183909e-01
2.612244897959183909e-01
2.612244897959183909e-01
2.612244897959183909e-01
2.612244897959183909e-01
2.612244897959183909e-01
2.612244897959183909e-01
2.612244897959183909e-01
2.612244897959183909e-01
2.612244897959183909e-01
2.612244897959183909e-01
2.612244897959183909e-01
2.612244897959183909e-01
2.693877551020408267e-01
2.693877551020408267e-01
2.693877551020408267e-01
2.693877551020408267e-01
2.693877551020408267e-01
2.693877551020408267e-01
2.693877551020408267e-01
2.693877551020408267e-01
2.693877551020408267e-01
2.693877551020408267e-01
2.693877551020408267e-01
2.693877551020408267e-01
2.693877551020408267e-01
2.693877551020408267e-01
2.693877551020408267e-01
2.693877551020408267e-01
2.693877551020408267e-01
2.693877551020408267e-01
2.693877551020408267e-01
2.693877551020408267e-01
2.693877551020408267e-01
2.693877551020408267e-01
2.693877551020408267e-01
2.693877551020408267e-01
2.693877551020408267e-01
2.693877551020408267e-01
2.693877551020408267e-01
2.693877551020408267e-01
2.693877551020408267e-01
2.693877551020408267e-01
2.693877551020408267e-01
2.693877551020408267e-01
2.693877551020408267e-01
2.693877551020408267e-01
2.693877551020408267e-01
2.693877551020408267e-01
2.693877551020408267e-01
2.693877551020408267e-01
2.693877551020408267e-01
2.693877551020408267e-01
2.693877551020408267e-01
2.693877551020408267e-01
2.693877551020408267e-01
2.693877551020408267e-01
2.693877551020408267e-01
2.693877551020408267e-01
2.693877551020408267e-01
2.693877551020408267e-01
2.693877551020408267e-01
2.693877551020408267e-01
2.775510204081632626e-01
2.775510204081632626e-01
2.775510204081632626e-01
2.775510204081632626e-01
2.775510204081632626e-01
2.775510204081632626e-01
2.775510204081632626e-01
2.775510204081632626e-01
2.775510204081632626e-01
2.775510204081632626e-01
2.775510204081632626e-01
2.775510204081632626e-01
2.775510204081632626e-01
2.775510204081632626e-01
2.775510204081632626e-01
2.775510204081632626e-01
2.775510204081632626e-01
2.775510204081632626e-01
2.775510204081632626e-01
2.775510204081632626e-01
2.775510204081632626e-01
2.775510204081632626e-01
2.775510204081632626e-01
2.775510204081632626e-01
2.775510204081632626e-01
2.775510204081632626e-01
2.775510204081632626e-01
2.775510204081632626e-01
2.775510204081632626e-01
2.775510204081632626e-01
2.775510204081632626e-01
2.775510204081632626e-01
2.775510204081632626e-01
2.775510204081632626e-01
2.775510204081632626e-01
2.775510204081632626e-01
2.775510204081632626e-01
2.775510204081632626e-01
2.775510204081632626e-01
2.775510204081632626e-01
2.775510204081632626e-01
2.775510204081632626e-01
2.775510204081632626e-01
2.775510204081632626e-01
2.775510204081632626e-01
2.775510204081632626e-01
2.775510204081632626e-01
2.775510204081632626e-01
2.775510204081632626e-01
2.775510204081632626e-01
2.857142857142857539e-01
2.857142857142857539e-01
2.857142857142857539e-01
2.857142857142857539e-01
2.857142857142857539e-01
2.857142857142857539e-01
2.857142857142857539e-01
2.857142857142857539e-01
2.857142857142857539e-01
2.857142857142857539e-01
2.857142857142857539e-01
2.857142857142857539e-01
2.857142857142857539e-01
2.857142857142857539e-01
2.857142857142857539e-01
2.857142857142857539e-01
2.857142857142857539e-01
2.857142857142857539e-01
2.857142857142857539e-01
2.857142857142857539e-01
2.857142857142857539e-01
2.857142857142857539e-01
2.857142857142857539e-01
2.857142857142857539e-01
2.857142857142857539e-01
2.857142857142857539e-01
2.857142857142857539e-01
2.857142857142857539e-01
2.857142857142857539e-01
2.857142857142857539e-01
2.857142857142857539e-01
2.857142857142857539e-01
2.857142857142857539e-01
2.857142857142857539e-01
2.857142857142857539e-01
2.857142857142857539e-01
2.857142857142857539e-01
2.857142857142857539e-01
2.857142857142857539e-01
2.857142857142857539e-01
2.857142857142857539e-01
2.857142857142857539e-01
2.857142857142857539e-01
2.857142857142857539e-01
2.857142857142857539e-01
2.857142857142857539e-01
2.857142857142857539e-01
2.857142857142857539e-01
2.857142857142857539e-01
2.857142857142857539e-01
2.938775510204081898e-01
2.938775510204081898e-01
2.938775510204081898e-01
2.938775510204081898e-01
2.938775510204081898e-01
2.938775510204081898e-01
2.938775510204081898e-01
2.938775510204081898e-01
2.938775510204081898e-01
2.938775510204081898e-01
2.938775510204081898e-01
2.938775510204081898e-01
2.938775510204081898e-01
2.938775510204081898e-01
2.938775510204081898e-01
2.938775510204081898e-01
2.938775510204081898e-01
2.938775510204081898e-01
2.938775510204081898e-01
2.938775510204081898e-01
2.938775510204081898e-01
2.938775510204081898e-01
2.938775510204081898e-01
2.938775510204081898e-01
2.938775510204081898e-01
2.938775510204081898e-01
2.938775510204081898e-01
2.938775510204081898e-01
2.938775510204081898e-01
2.938775510204081898e-01
2.938775510204081898e-01
2.938775510204081898e-01
2.938775510204081898e-01
2.938775510204081898e-01
2.938775510204081898e-01
2.938775510204081898e-01
2.938775510204081898e-01
2.938775510204081898e-01
2.938775510204081898e-01
2.938775510204081898e-01
2.938775510204081898e-01
2.938775510204081898e-01
2.938775510204081898e-01
2.938775510204081898e-01
2.938775510204081898e-01
2.938775510204081898e-01
2.938775510204081898e-01
2.938775510204081898e-01
2.938775510204081898e-01
2.938775510204081898e-01
3.020408163265306256e-01
3.020408163265306256e-01
3.020408163265306256e-01
3.020408163265306256e-01
3.020408163265306256e-01
3.020408163265306256e-01
3.020408163265306256e-01
3.020408163265306256e-01
3.020408163265306256e-01
3.020408163265306256e-01
3.020408163265306256e-01
3.020408163265306256e-01
3.020408163265306256e-01
3.020408163265306256e-01
3.020408163265306256e-01
3.020408163265306256e-01
3.020408163265306256e-01
3.020408163265306256e-01
3.020408163265306256e-01
3.020408163265306256e-01
3.020408163265306256e-01
3.020408163265306256e-01
3.020408163265306256e-01
3.020408163265306256e-01
3.020408163265306256e-01
3.020408163265306256e-01
3.020408163265306256e-01
3.020408163265306256e-01
3.020408163265306256e-01
3.020408163265306256e-01
3.020408163265306256e-01
3.020408163265306256e-01
3.020408163265306256e-01
3.020408163265306256e-01
3.020408163265306256e-01
3.020408163265306256e-01
3.020408163265306256e-01
3.020408163265306256e-01
3.020408163265306256e-01
3.020408163265306256e-01
3.020408163265306256e-01
3.020408163265306256e-01
3.020408163265306256e-01
3.020408163265306256e-01
3.020408163265306256e-01
3.020408163265306256e-01
3.020408163265306256e-01
3.020408163265306256e-01
3.020408163265306256e-01
3.020408163265306256e-01
3.102040816326531170e-01
3.102040816326531170e-01
3.102040816326531170e-01
3.102040816326531170e-01
3.102040816326531170e-01
3.102040816326531170e-01
3.102040816326531170e-01
3.102040816326531170e-01
3.102040816326531170e-01
3.102040816326531170e-01
3.102040816326531170e-01
3.102040816326531170e-01
3.102040816326531170e-01
3.102040816326531170e-01
3.102040816326531170e-01
3.102040816326531170e-01
3.102040816326531170e-01
3.102040816326531170e-01
3.102040816326531170e-01
3.102040816326531170e-01
3.102040816326531170e-01
3.102040816326531170e-01
3.102040816326531170e-01
3.102040816326531170e-01
3.102040816326531170e-01
3.102040816326531170e-01
3.102040816326531170e-01
3.102040816326531170e-01
3.102040816326531170e-01
3.102040816326531170e-01
3.102040816326531170e-01
3.102040816326531170e-01
3.102040816326531170e-01
3.102040816326531170e-01
3.102040816326531170e-01
3.102040816326531170e-01
3.102040816326531170e-01
3.102040816326531170e-01
3.102040816326531170e-01
3.102040816326531170e-01
3.102040816326531170e-01
3.102040816326531170e-01
3.102040816326531170e-01
3.102040816326531170e-01
3.102040816326531170e-01
3.102040816326531170e-01
3.102040816326531170e-01
3.102040816326531170e-01
3.102040816326531170e-01
3.102040816326531170e-01
3.183673469387755528e-01
3.183673469387755528e-01
3.183673469387755528e-01
3.183673469387755528e-01
3.183673469387755528e-01
3.183673469387755528e-01
3.183673469387755528e-01
3.183673469387755528e-01
3.183673469387755528e-01
3.183673469387755528e-01
3.183673469387755528e-01
3.183673469387755528e-01
3.183673469387755528e-01
3.183673469387755528e-01
3.183673469387755528e-01
3.183673469387755528e-01
3.183673469387755528e-01
3.183673469387755528e-01
3.183673469387755528e-01
3.183673469387755528e-01
3.183673469387755528e-01
3.183673469387755528e-01
3.183673469387755528e-01
3.183673469387755528e-01
3.183673469387755528e-01
3.183673469387755528e-01
3.183673469387755528e-01
3.183673469387755528e-01
3.183673469387755528e-01
3.183673469387755528e-01
3.183673469387755528e-01
3.183673469387755528e-01
3.183673469387755528e-01
3.183673469387755528e-01
3.183673469387755528e-01
3.183673469387755528e-01
3.183673469387755528e-01
3.183673469387755528e-01
3.183673469387755528e-01
3.183673469387755528e-01
3.183673469387755528e-01
3.183673469387755528e-01
3.183673469387755528e-01
3.183673469387755528e-01
3.183673469387755528e-01
3.183673469387755528e-01
3.183673469387755528e-01
3.183673469387755528e-01
3.183673469387755528e-01
3.183673469387755528e-01
3.265306122448979886e-01
3.265306122448979886e-01
3.265306122448979886e-01
3.265306122448979886e-01
3.265306122448979886e-01
3.265306122448979886e-01
3.265306122448979886e-01
3.265306122448979886e-01
3.265306122448979886e-01
3.265306122448979886e-01
3.265306122448979886e-01
3.265306122448979886e-01
3.265306122448979886e-01
3.265306122448979886e-01
3.265306122448979886e-01
3.265306122448979886e-01
3.265306122448979886e-01
3.265306122448979886e-01
3.265306122448979886e-01
3.265306122448979886e-01
3.265306122448979886e-01
3.265306122448979886e-01
3.265306122448979886e-01
3.265306122448979886e-01
3.265306122448979886e-01
3.265306122448979886e-01
3.265306122448979886e-01
3.265306122448979886e-01
3.265306122448979886e-01
3.265306122448979886e-01
3.265306122448979886e-01
3.265306122448979886e-01
3.265306122448979886e-01
3.265306122448979886e-01
3.265306122448979886e-01
3.265306122448979886e-01
3.265306122448979886e-01
3.265306122448979886e-01
3.265306122448979886e-01
3.265306122448979886e-01
3.265306122448979886e-01
3.265306122448979886e-01
3.265306122448979886e-01
3.265306122448979886e-01
3.265306122448979886e-01
3.265306122448979886e-01
3.265306122448979886e-01
3.265306122448979886e-01
3.265306122448979886e-01
3.265306122448979886e-01
3.346938775510204245e-01
3.346938775510204245e-01
3.346938775510204245e-01
3.346938775510204245e-01
3.346938775510204245e-01
3.346938775510204245e-01
3.346938775510204245e-01
3.346938775510204245e-01
3.346938775510204245e-01
3.346938775510204245e-01
3.346938775510204245e-01
3.346938775510204245e-01
3.346938775510204245e-01
3.346938775510204245e-01
3.346938775510204245e-01
3.346938775510204245e-01
3.346938775510204245e-01
3.346938775510204245e-01
3.346938775510204245e-01
3.346938775510204245e-01
3.346938775510204245e-01
3.346938775510204245e-01
3.346938775510204245e-01
3.346938775510204245e-01
3.346938775510204245e-01
3.346938775510204245e-01
3.346938775510204245e-01
3.346938775510204245e-01
3.346938775510204245e-01
3.346938775510204245e-01
3.346938775510204245e-01
3.346938775510204245e-01
3.346938775510204245e-01
3.346938775510204245e-01
3.346938775510204245e-01
3.346938775510204245e-01
3.346938775510204245e-01
3.346938775510204245e-01
3.346938775510204245e-01
3.346938775510204245e-01
3.346938775510204245e-01
3.346938775510204245e-01
3.346938775510204245e-01
3.346938775510204245e-01
3.346938775510204245e-01
3.346938775510204245e-01
3.346938775510204245e-01
3.346938775510204245e-01
3.346938775510204245e-01
3.346938775510204245e-01
3.428571428571428603e-01
3.428571428571428603e-01
3.428571428571428603e-01
3.428571428571428603e-01
3.428571428571428603e-01
3.428571428571428603e-01
3.428571428571428603e-01
3.428571428571428603e-01
3.428571428571428603e-01
3.428571428571428603e-01
3.428571428571428603e-01
3.428571428571428603e-01
3.428571428571428603e-01
3.428571428571428603e-01
3.428571428571428603e-01
3.428571428571428603e-01
3.428571428571428603e-01
3.428571428571428603e-01
3.428571428571428603e-01
3.428571428571428603e-01
3.428571428571428603e-01
3.428571428571428603e-01
3.428571428571428603e-01
3.428571428571428603e-01
3.428571428571428603e-01
3.428571428571428603e-01
3.428571428571428603e-01
3.428571428571428603e-01
3.428571428571428603e-01
3.428571428571428603e-01
3.428571428571428603e-01
3.428571428571428603e-01
3.428571428571428603e-01
3.428571428571428603e-01
3.428571428571428603e-01
3.428571428571428603e-01
3.428571428571428603e-01
3.428571428571428603e-01
3.428571428571428603e-01
3.428571428571428603e-01
3.428571428571428603e-01
3.428571428571428603e-01
3.428571428571428603e-01
3.428571428571428603e-01
3.428571428571428603e-01
3.428571428571428603e-01
3.428571428571428603e-01
3.428571428571428603e-01
3.428571428571428603e-01
3.428571428571428603e-01
3.510204081632653517e-01
3.510204081632653517e-01
3.510204081632653517e-01
3.510204081632653517e-01
3.510204081632653517e-01
3.510204081632653517e-01
3.510204081632653517e-01
3.510204081632653517e-01
3.510204081632653517e-01
3.510204081632653517e-01
3.510204081632653517e-01
3.510204081632653517e-01
3.510204081632653517e-01
3.510204081632653517e-01
3.510204081632653517e-01
3.510204081632653517e-01
3.510204081632653517e-01
3.510204081632653517e-01
3.510204081632653517e-01
3.510204081632653517e-01
3.510204081632653517e-01
3.510204081632653517e-01
3.510204081632653517e-01
3.510204081632653517e-01
3.510204081632653517e-01
3.510204081632653517e-01
3.510204081632653517e-01
3.510204081632653517e-01
3.510204081632653517e-01
3.510204081632653517e-01
3.510204081632653517e-01
3.510204081632653517e-01
3.510204081632653517e-01
3.510204081632653517e-01
3.510204081632653517e-01
3.510204081632653517e-01
3.510204081632653517e-01
3.510204081632653517e-01
3.510204081632653517e-01
3.510204081632653517e-01
3.510204081632653517e-01
3.510204081632653517e-01
3.510204081632653517e-01
3.510204081632653517e-01
3.510204081632653517e-01
3.510204081632653517e-01
3.510204081632653517e-01
3.510204081632653517e-01
3.510204081632653517e-01
3.510204081632653517e-01
3.591836734693877875e-01
3.591836734693877875e-01
3.591836734693877875e-01
3.591836734693877875e-01
3.591836734693877875e-01
3.591836734693877875e-01
3.591836734693877875e-01
3.591836734693877875e-01
3.591836734693877875e-01
3.591836734693877875e-01
3.591836734693877875e-01
3.591836734693877875e-01
3.591836734693877875e-01
3.591836734693877875e-01
3.591836734693877875e-01
3.591836734693877875e-01
3.591836734693877875e-01
3.591836734693877875e-01
3.591836734693877875e-01
3.591836734693877875e-01
3.591836734693877875e-01
3.591836734693877875e-01
3.591836734693877875e-01
3.591836734693877875e-01
3.591836734693877875e-01
3.591836734693877875e-01
3.591836734693877875e-01
3.591836734693877875e-01
3.591836734693877875e-01
3.591836734693877875e-01
3.591836734693877875e-01
3.591836734693877875e-01
3.591836734693877875e-01
3.591836734693877875e-01
3.591836734693877875e-01
3.591836734693877875e-01
3.591836734693877875e-01
3.591836734693877875e-01
3.591836734693877875e-01
3.591836734693877875e-01
3.591836734693877875e-01
3.591836734693877875e-01
3.591836734693877875e-01
3.591836734693877875e-01
3.591836734693877875e-01
3.591836734693877875e-01
3.591836734693877875e-01
3.591836734693877875e-01
3.591836734693877875e-01
3.591836734693877875e-01
3.673469387755102233e-01
3.673469387755102233e-01
3.673469387755102233e-01
3.673469387755102233e-01
3.673469387755102233e-01
3.673469387755102233e-01
3.673469387755102233e-01
3.673469387755102233e-01
3.673469387755102233e-01
3.673469387755102233e-01
3.673469387755102233e-01
3.673469387755102233e-01
3.673469387755102233e-01
3.673469387755102233e-01
3.673469387755102233e-01
3.673469387755102233e-01
3.673469387755102233e-01
3.673469387755102233e-01
3.673469387755102233e-01
3.673469387755102233e-01
3.673469387755102233e-01
3.673469387755102233e-01
3.673469387755102233e-01
3.673469387755102233e-01
3.673469387755102233e-01
3.673469387755102233e-01
3.673469387755102233e-01
3.673469387755102233e-01
3.673469387755102233e-01
3.673469387755102233e-01
3.673469387755102233e-01
3.673469387755102233e-01
3.673469387755102233e-01
3.673469387755102233e-01
3.673469387755102233e-01
3.673469387755102233e-01
3.673469387755102233e-01
3.673469387755102233e-01
3.673469387755102233e-01
3.673469387755102233e-01
3.673469387755102233e-01
3.673469387755102233e-01
3.673469387755102233e-01
3.673469387755102233e-01
3.673469387755102233e-01
3.673469387755102233e-01
3.673469387755102233e-01
3.673469387755102233e-01
3.673469387755102233e-01
3.673469387755102233e-01
3.755102040816327147e-01
3.755102040816327147e-01
3.755102040816327147e-01
3.755102040816327147e-01
3.755102040816327147e-01
3.755102040816327147e-01
3.755102040816327147e-01
3.755102040816327147e-01
3.755102040816327147e-01
3.755102040816327147e-01
3.755102040816327147e-01
3.755102040816327147e-01
3.755102040816327147e-01
3.755102040816327147e-01
3.755102040816327147e-01
3.755102040816327147e-01
3.755102040816327147e-01
3.755102040816327147e-01
3.755102040816327147e-01
3.755102040816327147e-01
3.755102040816327147e-01
3.755102040816327147e-01
3.755102040816327147e-01
3.755102040816327147e-01
3.755102040816327147e-01
3.755102040816327147e-01
3.755102040816327147e-01
3.755102040816327147e-01
3.755102040816327147e-01
3.755102040816327147e-01
3.755102040816327147e-01
3.755102040816327147e-01
3.755102040816327147e-01
3.755102040816327147e-01
3.755102040816327147e-01
3.755102040816327147e-01
3.755102040816327147e-01
3.755102040816327147e-01
3.755102040816327147e-01
3.755102040816327147e-01
3.755102040816327147e-01
3.755102040816327147e-01
3.755102040816327147e-01
3.755102040816327147e-01
3.755102040816327147e-01
3.755102040816327147e-01
3.755102040816327147e-01
3.755102040816327147e-01
3.755102040816327147e-01
3.755102040816327147e-01
3.836734693877551505e-01
3.836734693877551505e-01
3.836734693877551505e-01
3.836734693877551505e-01
3.836734693877551505e-01
3.836734693877551505e-01
3.836734693877551505e-01
3.836734693877551505e-01
3.836734693877551505e-01
3.836734693877551505e-01
3.836734693877551505e-01
3.836734693877551505e-01
3.836734693877551505e-01
3.836734693877551505e-01
3.836734693877551505e-01
3.836734693877551505e-01
3.836734693877551505e-01
3.836734693877551505e-01
3.836734693877551505e-01
3.836734693877551505e-01
3.836734693877551505e-01
3.836734693877551505e-01
3.836734693877551505e-01
3.836734693877551505e-01
3.836734693877551505e-01
3.836734693877551505e-01
3.836734693877551505e-01
3.836734693877551505e-01
3.836734693877551505e-01
3.836734693877551505e-01
3.836734693877551505e-01
3.836734693877551505e-01
3.836734693877551505e-01
3.836734693877551505e-01
3.836734693877551505e-01
3.836734693877551505e-01
3.836734693877551505e-01
3.836734693877551505e-01
3.836734693877551505e-01
3.836734693877551505e-01
3.836734693877551505e-01
3.836734693877551505e-01
3.836734693877551505e-01
3.836734693877551505e-01
3.836734693877551505e-01
3.836734693877551505e-01
3.836734693877551505e-01
3.836734693877551505e-01
3.836734693877551505e-01
3.836734693877551505e-01
3.918367346938775864e-01
3.918367346938775864e-01
3.918367346938775864e-01
3.918367346938775864e-01
3.918367346938775864e-01
3.918367346938775864e-01
3.918367346938775864e-01
3.918367346938775864e-01
3.918367346938775864e-01
3.918367346938775864e-01
3.918367346938775864e-01
3.918367346938775864e-01
3.918367346938775864e-01
3.918367346938775864e-01
3.918367346938775864e-01
3.918367346938775864e-01
3.918367346938775864e-01
3.918367346938775864e-01
3.918367346938775864e-01
3.918367346938775864e-01
3.918367346938775864e-01
3.918367346938775864e-01
3.918367346938775864e-01
3.918367346938775864e-01
3.918367346938775864e-01
3.918367346938775864e-01
3.918367346938775864e-01
3.918367346938775864e-01
3.918367346938775864e-01
3.918367346938775864e-01
3.918367346938775864e-01
3.918367346938775864e-01
3.918367346938775864e-01
3.918367346938775864e-01
3.918367346938775864e-01
3.918367346938775864e-01
3.918367346938775864e-01
3.918367346938775864e-01
3.918367346938775864e-01
3.918367346938775864e-01
3.918367346938775864e-01
3.918367346938775864e-01
3.918367346938775864e-01
3.918367346938775864e-01
3.918367346938775864e-01
3.918367346938775864e-01
3.918367346938775864e-01
3.918367346938775864e-01
3.918367346938775864e-01
3.918367346938775864e-01
4.000000000000000222e-01
4.000000000000000222e-01
4.000000000000000222e-01
4.000000000000000222e-01
4.000000000000000222e-01
4.000000000000000222e-01
4.000000000000000222e-01
4.000000000000000222e-01
4.000000000000000222e-01
4.000000000000000222e-01
4.000000000000000222e-01
4.000000000000000222e-01
4.000000000000000222e-01
4.000000000000000222e-01
4.000000000000000222e-01
4.000000000000000222e-01
4.000000000000000222e-01
4.000000000000000222e-01
4.000000000000000222e-01
4.000000000000000222e-01
4.000000000000000222e-01
4.000000000000000222e-01
4.000000000000000222e-01
4.000000000000000222e-01
4.000000000000000222e-01
4.000000000000000222e-01
4.000000000000000222e-01
4.000000000000000222e-01
4.000000000000000222e-01
4.000000000000000222e-01
4.000000000000000222e-01
4.000000000000000222e-01
4.000000000000000222e-01
4.000000000000000222e-01
4.000000000000000222e-01
4.000000000000000222e-01
4.000000000000000222e-01
4.000000000000000222e-01
4.000000000000000222e-01
4.000000000000000222e-01
4.000000000000000222e-01
4.000000000000000222e-01
4.000000000000000222e-01
4.000000000000000222e-01
4.000000000000000222e-01
4.000000000000000222e-01
4.000000000000000222e-01
4.000000000000000222e-01
4.000000000000000222e-01
4.000000000000000222e-01
