1.124129968807640234e-16
5.074068716997497346e-17
1.209972056575849638e-16
7.958079936889667678e-17
1.799790076734509632e-16
2.684518303331080737e-16
4.987420215105690529e-17
6.028312508440523975e-17
1.344453930244041731e-16
2.819040385596257439e-16
2.732326766305135321e-16
2.515501977889831052e-17
1.162348828911863123e-16
4.337176973834672441e-17
6.332364281421161499e-17
8.674598003672344213e-18
3.122903917134009271e-16
7.113399071457062528e-17
2.116707184097384710e-16
1.526833560124131506e-16
1.787124290692469108e-16
2.932332282801066148e-16
1.023735747458944274e-16
1.197277340786666824e-16
2.776360817749045104e-17
1.015131904159274071e-16
1.145306352412800778e-16
2.568331082841595968e-16
2.082488119031756204e-16
2.655248342998748934e-16
1.770217998867015401e-16
3.939723451356441317e-16
1.319068070665072415e-16
1.319111110535508117e-16
1.284440855523078496e-16
2.082949197860286828e-16
3.055101017419308896e-16
4.027326148744931777e-16
1.562383598292022710e-16
3.610981603791033057e-16
2.430564723317098314e-16
2.291768437570219318e-16
2.986368060119044144e-16
4.583923155665661312e-16
3.333907768001566619e-16
3.889732675047244793e-16
2.326999840309599285e-16
3.056500526704373795e-16
4.967049932717755126e-16
4.376774309709530405e-16
5.662298550841558384e-16
3.995075451043955405e-16
4.307955904459009389e-16
3.022676491254352326e-16
5.871950754668661809e-16
4.551879040197356922e-16
3.474910046405615128e-16
4.934651568914091884e-16
3.857590659874375591e-16
4.657184113085820854e-16
4.587947274450874349e-16
5.283410864283018168e-16
7.334660117121692414e-16
6.396501917494606910e-16
5.771123972016219280e-16
6.779770022487168109e-16
5.771874843423920171e-16
7.232709953587336436e-16
9.528347881194949039e-16
1.092009579821983129e-15
8.347150238354079899e-16
8.208609767759790360e-16
9.113599653720481894e-16
7.096599576240385029e-16
7.792917157086759302e-16
9.950626180348228086e-16
8.489985929678423883e-16
1.085687738899654319e-15
1.030091192809424895e-15
1.155463148516297067e-15
1.092904323453159412e-15
9.189488351779933346e-16
9.607974096928712314e-16
8.007304460902313260e-16
9.818469745484807901e-16
1.601729406155954177e-15
1.135235500257087309e-15
1.427873368141424037e-15
1.281715260726823222e-15
1.330593586398518190e-15
1.344646482079648279e-15
1.623476140601588097e-15
1.546972409163160111e-15
1.602866894669717269e-15
1.561198395786635035e-15
1.658929442267313072e-15
1.930954461010526812e-15
1.589530401842826547e-15
1.791881429483862094e-15
1.771138156610424196e-15
2.099076273422322033e-15
1.883080616935282986e-15
2.287825207285032660e-15
2.155518465238512734e-15
2.058069222493202065e-15
1.876875038410227103e-15
2.072454794949166499e-15
2.407651767820039353e-15
2.024039379174696643e-15
2.547772396562182774e-15
2.352582646851997680e-15
2.457566608563520219e-15
2.569558556214986755e-15
2.590795276333548728e-15
2.339660810141086285e-15
2.493593378330460835e-15
3.325172027569588164e-15
2.920341313851949228e-15
2.627215873307092344e-15
3.186572174595791648e-15
3.082115623743448389e-15
3.159370880268916904e-15
3.019939059613644419e-15
3.684492877565753052e-15
3.237435971211238669e-15
3.664417861007232675e-15
3.916658039142118088e-15
3.329575912262751568e-15
3.931633615923283287e-15
3.848172971829778478e-15
3.624743182494389253e-15
3.625210615606172829e-15
4.549600425203411270e-15
3.542152428275133283e-15
4.564798051623362047e-15
3.907201685687139420e-15
4.089804500439245930e-15
4.496589199568977554e-15
4.455169140432497262e-15
4.834098329156204897e-15
4.358293706524798896e-15
4.639212121589738840e-15
5.368779326399940731e-15
4.332077450716015562e-15
5.258118445396584654e-15
4.894251676664741743e-15
4.614439466673585957e-15
5.063990128824220620e-15
5.162932766572828463e-15
5.233845443739194055e-15
5.992440854826444929e-15
5.375747758131139059e-15
5.460775779477098352e-15
5.349272980657350400e-15
5.701134250400338660e-15
6.460392754138392258e-15
6.447332033420239985e-15
6.153300559081187589e-15
6.350962166477474713e-15
6.548690791744756970e-15
6.746486996295346928e-15
7.352015691161706435e-15
7.240701691600405495e-15
7.115297063764231256e-15
6.905474220006277559e-15
7.412974912518655513e-15
7.386037695077256333e-15
8.020432258586723775e-15
7.923232839850800616e-15
7.769706381950919727e-15
8.066628518182936372e-15
7.913089127101094264e-15
8.055239855753427189e-15
8.267870290253072031e-15
8.536929246336531334e-15
8.496112864535458939e-15
8.807593848613767964e-15
8.301704218903212774e-15
8.641468115222914661e-15
8.939059095408234645e-15
8.122709539496888861e-15
8.970400667340903577e-15
8.675739891211697511e-15
8.945358318028865545e-15
9.285640132950342870e-15
8.821528423792574900e-15
8.950171100829365605e-15
9.177704905448281965e-15
9.687771673367186249e-15
1.016978364824853344e-14
9.196869767405392241e-15
1.006049302168290829e-14
9.369866702511610794e-15
9.088911225871334917e-15
9.373371108538689700e-15
1.035082936536374330e-14
9.900207163912565217e-15
1.005769372208966933e-14
9.055068318211811028e-15
9.212469981264283305e-15
9.171784256934619972e-15
1.068833090581153248e-14
1.097360044211408864e-14
1.077747402903207678e-14
1.045379461807723257e-14
9.124080906088936869e-15
1.055712288002843225e-14
1.094190732418273067e-14
1.250348647520724462e-14
1.077614263264874518e-14
9.941578244186798434e-15
1.038332287126949842e-14
1.135020243186648757e-14
1.156538123517892861e-14
1.180904495671416141e-14
1.155594165086834996e-14
1.188491990374665373e-14
1.083641389742523827e-14
1.160576380163710369e-14
1.335581909171046454e-14
1.185223096489676920e-14
1.383052463065404429e-14
8.928481309241592324e-15
1.210152278111608412e-14
1.396737646970469625e-14
1.290339234014391386e-14
1.270696149334024043e-14
1.246775832045201018e-14
1.210034026181282649e-14
1.439542776103072261e-14
1.320226020033873849e-14
1.146726744893828032e-14
1.211096827511172476e-14
1.563373763899525107e-14
1.546616190727434131e-14
1.410087615917964420e-14
1.651413113785583956e-14
1.452087142160090975e-14
1.716360971477414962e-14
1.502691549440784083e-14
1.680028980958845277e-14
1.591894869955274732e-14
1.657949536264343163e-14
1.788312265233687076e-14
1.471555191950168161e-14
1.694824327734513326e-14
1.546565420052922390e-14
1.805700773060875286e-14
1.544429012482035579e-14
1.746473440431686627e-14
1.689657605340207827e-14
1.604195423033992994e-14
1.279653506809888976e-14
1.954299391801681488e-14
1.787215673568255824e-14
1.890778276406012197e-14
1.726467362238798126e-14
1.963346284505198083e-14
1.973856827908469919e-14
1.935624919365624158e-14
1.706634351083077516e-14
1.960958840162662123e-14
1.526681312751394144e-14
1.659096891421097982e-14
1.817419276367322262e-14
1.972949733316062063e-14
2.038073774005275304e-14
2.120471468214781317e-14
1.767502801017452832e-14
2.064042877928995521e-14
2.129261301875314513e-14
2.335446409489128995e-14
2.177810491596993063e-14
2.073332095255862346e-14
2.201949473934730587e-14
2.026888931391682813e-14
2.142604207754465721e-14
2.195007775645311957e-14
1.995323375519147737e-14
2.321516768943982527e-14
2.384102392233431308e-14
2.171339982012736298e-14
2.336316499693669757e-14
1.950327307584106193e-14
2.276943745834871290e-14
2.499815895600906838e-14
2.480267229090366142e-14
2.486703369474525850e-14
2.368920822215326067e-14
2.196172694787865379e-14
2.503152621492964840e-14
1.914010473774926415e-14
1.937663439154454258e-14
2.580393603689216502e-14
2.335137913726760096e-14
2.510884405856036320e-14
2.553550161474070517e-14
2.484746026455711930e-14
2.384041419013969665e-14
2.236921999467248334e-14
2.443323818477793224e-14
2.681732370984821390e-14
2.841975686505375211e-14
2.784751387648497668e-14
3.049573869074475870e-14
2.275485547065395540e-14
2.650639736129876544e-14
2.516348174512378223e-14
2.890332550049153554e-14
2.786546132413922767e-14
2.612946680147556387e-14
2.950940491867428941e-14
2.809282518862633861e-14
2.917718781435315054e-14
2.963657860022701319e-14
2.797146922009875933e-14
2.684404734551810029e-14
2.985151994481282892e-14
3.214702242732655853e-14
2.765417987850648679e-14
2.554894487057343057e-14
3.084846197681705825e-14
3.260744518896569630e-14
2.934947869555690033e-14
3.055461771383647346e-14
2.952732749664732200e-14
3.299628889481268477e-14
3.437888877854707187e-14
3.286979007620833334e-14
3.133058804652734960e-14
2.856261683816151474e-14
3.134932546609552680e-14
3.630241331938155351e-14
3.192413076492986217e-14
3.368996679295655052e-14
3.027450424722139367e-14
3.630233727768007627e-14
2.217766416968591580e-14
3.223627017050627622e-14
3.799177570786629042e-14
2.706568928084109133e-14
3.414314168358184125e-14
3.767462532420852782e-14
3.573440989704052285e-14
3.088640907122065129e-14
3.641729683381888837e-14
3.823532987928078411e-14
3.538197815185836878e-14
3.412896375426236774e-14
3.977074443043291803e-14
4.173925661756857169e-14
3.539680907378700050e-14
3.841010301641254552e-14
3.971766298819514269e-14
3.354536632455704839e-14
4.265940125117189104e-14
3.825238916289799738e-14
3.875095789003574650e-14
3.550476290280974364e-14
3.278749016601737635e-14
4.107492846790415408e-14
4.226878553256082108e-14
3.224325353022446212e-14
3.988876333377203105e-14
4.474714388021228731e-14
3.919042024959176120e-14
4.473175857863308510e-14
4.492372492533640827e-14
4.464249505561895847e-14
4.202319707056986119e-14
4.449400954970101606e-14
4.550061179458469597e-14
