1.664261525305345643e-16
2.004965833095826745e-03
4.009925625285648901e-03
6.014873338849929460e-03
8.019802877268753655e-03
1.002470829102338271e-02
1.202958346161312961e-02
1.403442231869726081e-02
1.603921897203352404e-02
1.804396718602506444e-02
2.004866100904517667e-02
2.205329451313512573e-02
2.405786137409016839e-02
2.606235582076440668e-02
2.806677177393204076e-02
3.007110295419926707e-02
3.207534370934146672e-02
3.407948775188851531e-02
3.608352895867482368e-02
3.808746172612128417e-02
4.009127954335568733e-02
4.209497656864660819e-02
4.409854704036840489e-02
4.610198436171500380e-02
4.810528299863028878e-02
5.010843689824667074e-02
5.211143956760622142e-02
5.411428566334013091e-02
5.611696877884557455e-02
5.811948269898321168e-02
6.012182215403394370e-02
6.212398036817973201e-02
6.412595158779652027e-02
6.612773026040227875e-02
6.812930952680254504e-02
7.013068407309061558e-02
7.213184791832923104e-02
7.413279434277320057e-02
7.613351832374809502e-02
7.813401336567595001e-02
8.013427315339136103e-02
8.213429276512962396e-02
8.413406518162167003e-02
8.613358473496106338e-02
8.813284610070235003e-02
9.013184216694082596e-02
9.213056784873903393e-02
9.412901724692217253e-02
9.612718342920073544e-02
9.812506170562391994e-02
1.001226454921202991e-01
1.021199284041703903e-01
1.041169058557398219e-01
1.061135705999817352e-01
1.081099170871149262e-01
1.101059402058144759e-01
1.121016326005797314e-01
1.140969894597450712e-01
1.160920049269532905e-01
1.180866719087684535e-01
1.200809860600973722e-01
1.220749406695043060e-01
1.240685293486635254e-01
1.260617478489741705e-01
1.280545886563615454e-01
1.300470464324400277e-01
1.320391162207792679e-01
1.340307904307954934e-01
1.360220646132143663e-01
1.380129328542811784e-01
1.400033879972334694e-01
1.419934260539856830e-01
1.439830400982909375e-01
1.459722238950184603e-01
1.479609734062308224e-01
1.499492808886662698e-01
1.519371413340295518e-01
1.539245498302113657e-01
1.559114985594392266e-01
1.578979835775924656e-01
1.598839987402253249e-01
1.618695369802474193e-01
1.638545946786474916e-01
1.658391645496614386e-01
1.678232407351492872e-01
1.698068192522837472e-01
1.717898921360412889e-01
1.737724548968154759e-01
1.757545024558851976e-01
1.777360268942680677e-01
1.797170248589156638e-01
1.816974897568819358e-01
1.836774148270876872e-01
1.856567968314606076e-01
1.876356279147155803e-01
1.896139029068890647e-01
1.915916176579682828e-01
1.935687639879441480e-01
1.955453381821618819e-01
1.975213345969095147e-01
1.994967456939441552e-01
2.014715685100065823e-01
2.034457958105793107e-01
2.054194215571603088e-01
2.073924425157550044e-01
2.093648503673984917e-01
2.113366409089707521e-01
2.133078095026615661e-01
2.152783478327363054e-01
2.172482532172502201e-01
2.192175190433792165e-01
2.211861384985374657e-01
2.231541090205468869e-01
2.251214223915805057e-01
2.270880738672129140e-01
2.290540596079144176e-01
2.310193710900151909e-01
2.329840053840937508e-01
2.349479566429276411e-01
2.369112174554607597e-01
2.388737855492335527e-01
2.408356531495018937e-01
2.427968149196461645e-01
2.447572677388489271e-01
2.467170029513601204e-01
2.486760173815493746e-01
2.506343058776939747e-01
2.525918605136486250e-01
2.545486793126785496e-01
2.565047548588731963e-01
2.584600813523838525e-01
2.604146562977280865e-01
2.623684709094324941e-01
2.643215218783987464e-01
2.662738046023827021e-01
2.682253107619116950e-01
2.701760386820025728e-01
2.721259811821297170e-01
2.740751321801795926e-01
2.760234896730279219e-01
2.779710447478810353e-01
2.799177941141858250e-01
2.818637335197610727e-01
2.838088544138592795e-01
2.857531554286780184e-01
2.876966294551638326e-01
2.896392703639613098e-01
2.915810764704938052e-01
2.935220387364368966e-01
2.954621540829171500e-01
2.974014183535064193e-01
2.993398229688540857e-01
3.012773668739388011e-01
3.032140428257356635e-01
3.051498449375589228e-01
3.070847716277022021e-01
3.090188137344058728e-01
3.109519686247418369e-01
3.128842319275648709e-01
3.148155952801321433e-01
3.167460579448939662e-01
3.186756122970954008e-01
3.206042530392412271e-01
3.225319784342306484e-01
3.244587791980967362e-01
3.263846534211267691e-01
3.283095961499701287e-01
3.302335995255837320e-01
3.321566631329796460e-01
3.340787786749637722e-01
3.359999418462764065e-01
3.379201504529227296e-01
3.398393950906126726e-01
3.417576748921038465e-01
3.436749838966709492e-01
3.455913150800015154e-01
3.475066683534908107e-01
3.494210344134893731e-01
3.513344104080773356e-01
3.532467931981725373e-01
3.551581736895518260e-01
3.570685519910720140e-01
3.589779207947484396e-01
3.608862746535473898e-01
3.627936127017174495e-01
3.646999253597786317e-01
3.666052113777251709e-01
3.685094659333218448e-01
3.704126812925764844e-01
3.723148578972292344e-01
3.742159869004071937e-01
3.761160650428937990e-01
3.780150900755553378e-01
3.799130523923633929e-01
3.818099526371138142e-01
3.837057837544085581e-01
3.856005401773610619e-01
3.874942216009241713e-01
3.893868182727905913e-01
3.912783293746350255e-01
3.931687501348123392e-01
3.950580729550262626e-01
3.969462988173215745e-01
3.988334184727190257e-01
4.007194294386834943e-01
4.026043291572308780e-01
4.044881084386388048e-01
4.063707684708572909e-01
4.082523015093652008e-01
4.101327031612221896e-01
4.120119727089993078e-01
4.138901002293245979e-01
4.157670863528177829e-01
4.176429249979480285e-01
4.195176099955875149e-01
4.213911421414192615e-01
4.232635114568765733e-01
4.251347174444983223e-01
4.270047557675842875e-01
4.288736187828332547e-01
4.307413082295612483e-01
4.326078145305275457e-01
4.344731360279335264e-01
4.363372699676299482e-01
4.382002076039874794e-01
4.400619508851359996e-01
4.419224912413234896e-01
4.437818257869122762e-01
4.456399531706928818e-01
4.474968636819757206e-01
4.493525594800252820e-01
4.512070328612453607e-01
4.530602799048233376e-01
4.549123003585791025e-01
4.567630840208707355e-01
4.586126329402597790e-01
4.604609402322781819e-01
4.623080011523610366e-01
4.641538162425402070e-01
4.659983752461117068e-01
4.678416798297558854e-01
4.696837238526603842e-01
4.715245019725122777e-01
4.733640153539948603e-01
4.752022536868979463e-01
4.770392184314319328e-01
4.788749039527175899e-01
4.807093045550562271e-01
4.825424218419556710e-01
4.843742454480859383e-01
4.862047768177930607e-01
4.880340105683104723e-01
4.898619409087140442e-01
4.916885696854792487e-01
4.935138864798030989e-01
4.953378929192605584e-01
4.971605836035940529e-01
4.989819529226299788e-01
5.008020027582065214e-01
5.026207226363323954e-01
5.044381145817584677e-01
5.062541728917473449e-01
5.080688924258166539e-01
5.098822748820753814e-01
5.116943097330489687e-01
5.135049996223881585e-01
5.153143382448899246e-01
5.171223212357918264e-01
5.189289498792293287e-01
5.207342135925393523e-01
5.225381158742674614e-01
5.243406495022171487e-01
5.261418112054719876e-01
5.279416014388278455e-01
5.297400100889910757e-01
5.315370412296926972e-01
5.333326865673783113e-01
5.351269442592916370e-01
5.369198134731558714e-01
5.387112851818643966e-01
5.405013636725575221e-01
5.422900394441763083e-01
5.440773124276817585e-01
5.458631801535478445e-01
5.476476350258475678e-01
5.494306813091566211e-01
5.512123082617657044e-01
5.529925178710477507e-01
5.547713056670859899e-01
5.565486662464700363e-01
5.583246023886108134e-01
5.600991032981089690e-01
5.618721729020195177e-01
5.636438043544973464e-01
5.654139948250354042e-01
5.671827449360777873e-01
5.689500449934097315e-01
5.707158999977368641e-01
5.724803007251888509e-01
5.742432473084380096e-01
5.760047375308638973e-01
5.777647641989667182e-01
5.795233318100594389e-01
5.812804294627357260e-01
5.830360604183797424e-01
5.847902192155484125e-01
5.865429021107960716e-01
5.882941109464148166e-01
5.900438354279917696e-01
5.917920810532953935e-01
5.935388389201726733e-01
5.952841091551429598e-01
5.970278898463652340e-01
5.987701739803112932e-01
6.005109662819778649e-01
6.022502557446045568e-01
6.039880464668782034e-01
6.057243323503853638e-01
6.074591107816782465e-01
6.091923827579589501e-01
6.109241389459967309e-01
6.126543853350492341e-01
6.143831117743350223e-01
6.161103204946916101e-01
6.178360077561396713e-01
6.195601688776215532e-01
6.212828070849227835e-01
6.230039115662600047e-01
6.247234885931067794e-01
6.264415293326057732e-01
6.281580345169028856e-01
6.298730020607502533e-01
6.315864259253827218e-01
6.332983106524450179e-01
6.350086450785001890e-01
6.367174351698866586e-01
6.384246730616787158e-01
6.401303587187714417e-01
6.418344909713940005e-01
6.435370631679313558e-01
6.452380805024540145e-01
6.469375317602608089e-01
6.486354228671162847e-01
6.503317462667388416e-01
6.520265019213746793e-01
6.537196888044862764e-01
6.554113004288559807e-01
6.571013420533378113e-01
6.587898024122103013e-01
6.604766879787724587e-01
6.621619907149860484e-01
6.638457113754629990e-01
6.655278482744417801e-01
6.672083958959468264e-01
6.688873588666008896e-01
6.705647261315763608e-01
6.722405050594739695e-01
6.739146863990100877e-01
6.755872725198450723e-01
6.772582602470845758e-01
6.789276458696857919e-01
6.805954323322589428e-01
6.822616100508420711e-01
6.839261866583123961e-01
6.855891512658047748e-01
6.872505087056005602e-01
6.889102534590838545e-01
6.905683844779394454e-01
6.922249021599797825e-01
6.938797996289829406e-01
6.955330830194685898e-01
6.971847409127747142e-01
